40
1 
22 4 29 11 4 31 0 51
1 
28 2 36 12 8 38 4 55
0 
29 5 44
0 
36 6 53
1 
37 7 47 2 22 48 1 61
0 
42 2 68
1 
57 5 66 4 21 70 6 90
0 
55 4 72
0 
58 7 73
0 
81 7 95
1 
67 3 78 5 1 80 5 89
0 
75 0 104
1 
77 1 92 9 10 95 4 112
1 
96 2 106 6 11 110 6 118
0 
91 3 102
0 
102 0 122
0 
101 5 130
0 
91 6 119
0 
96 0 105
1 
109 7 127 5 1 129 4 138
0 
104 1 122
0 
112 5 142
0 
119 6 129
1 
115 3 139 4 21 141 1 148
1 
122 1 132 12 5 145 4 152
1 
124 2 140 15 5 143 7 150
0 
129 6 143
1 
132 0 152 4 6 156 5 165
1 
148 2 163 2 22 164 3 176
0 
158 1 174
0 
160 7 172
0 
166 0 187
1 
163 6 179 15 10 182 5 195
1 
172 7 179 5 1 181 6 199
1 
173 2 181 3 13 184 3 194
0 
167 0 179
0 
175 4 205
0 
174 4 192
1 
189 7 196 20 7 197 0 204
0 
190 1 209
