---- Matrice des temps ----
                  Grand Hameau Bigne à Fosse Queneau Mt Gaillard Mare Rouge Sacré Coeur Mare Au Clerc Place Jenner A Rond-Point Université Gares Palais de Justice Hôtel de Ville St Roch La Plage Pré Fleuri St Pierre Atrium Schuman Verlaine Curie Frileuse Place Jenner B 
Grand Hameau                 0           123     240         350        470         571           681            846       1025       1114  1214              1313           1428    1532     1611       2027      1902   1792    1672     1520  1434     1324           1197 
Bigne à Fosse               99             0     116         227        347         448           558            723        902        990  1091              1190           1304    1409     1487       1904      1779   1669    1548     1397  1311     1201           1074 
Queneau                    204           105       0         111        230         331           442            606        786        874   975              1073           1188    1293     1371       1787      1663   1552    1432     1280  1194     1085            958 
Mt Gaillard                307           208     103           0        120         221           331            496        675        764   864               963           1078    1182     1260       1677      1552   1442    1321     1170  1084      974            847 
Mare Rouge                 416           317     212         109          0         101           211            376        555        644   744               843            958    1062     1140       1557      1432   1322    1202     1050   964      854            727 
Sacré Coeur                508           409     304         201         92           0           110            275        454        543   643               742            857     961     1039       1456      1331   1221    1101      949   863      753            626 
Mare Au Clerc              619           520     414         311        203         111             0            165        344        433   533               632            747     851      929       1346      1221   1111     990      839   753      643            516 
Place Jenner A             765           666     561         458        349         257           147              0        179        268   368               467            582     686      764       1181      1056    946     826      674   588      478            351 
Rond-Point                 946           847     742         639        530         438           327            181          0         88   189               288            402     507      585       1002       877    767     646      495   409      299            172 
Université                1062           963     858         755        646         554           443            296        116          0   100               199            314     418      497       1118       993    883     762      611   525      415            288 
Gares                     1158          1059     954         851        742         650           539            393        212         96     0                99            213     318      396       1214      1089    979     859      707   621      511            384 
Palais de Justice         1269          1170    1064         961        853         761           650            503        323        207   110                 0            115     219      297       1324      1200   1089     969      817   732      622            495 
Hôtel de Ville            1392          1293    1187        1084        976         884           773            626        446        330   233               123              0     105      183       1447      1323   1212    1092      940   854      745            618 
St Roch                   1503          1404    1299        1196       1087         995           884            738        557        441   345               234            111       0       78       1559      1434   1324    1203     1052   966      856            729 
La Plage                  1605          1506    1401        1298       1189        1097           986            840        659        543   447               336            214     102        0       1661      1536   1426    1305     1154  1068      958            831 
Pré Fleuri                2050          1951    1846        1743       1634        1542          1431           1284       1104       1192  1293              1392           1506    1611     1689          0       161    275     393      545   638      744            902 
St Pierre                 1889          1790    1685        1582       1473        1381          1270           1124        943       1032  1132              1231           1345    1450     1528        125         0    114     232      384   477      583            741 
Atrium                    1774          1676    1570        1467       1358        1266          1156           1009        829        917  1018              1116           1231    1336     1414        235       110      0     118      269   362      469            627 
Schuman                   1657          1558    1452        1349       1241        1149          1038            891        711        799   900               999           1113    1218     1296        355       231    120       0      152   244      351            509 
Verlaine                  1505          1406    1301        1198       1089         997           886            740        559        648   748               847            962    1066     1144        507       382    272     152        0    93      200            357 
Curie                     1412          1313    1208        1105        996         904           794            647        466        555   655               754            869     973     1052        593       468    358     237       86     0      107            265 
Frileuse                  1306          1207    1101         998        889         797           687            540        360        448   549               647            762     867      945        703       578    468     347      196   110        0            158 
Place Jenner B            1148          1049     943         840        732         640           529            382        202        290   391               489            604     709      787        830       705    595     474      323   237      127              0 

