13
23
8 3
40
10 22 37 5 50 65 34 1
11 28 43 7 51 66 27 1
10 29 44 9 44 59 15 1
3 36 51 2 53 68 18 1
11 37 52 8 59 74 26 1
11 39 54 6 68 83 36 1
11 54 69 5 81 96 33 1
7 55 70 6 72 87 18 1
11 58 73 1 73 88 15 1
11 67 82 4 86 101 21 1
1 67 82 4 87 102 22 1
3 75 90 9 103 118 34 1
9 77 92 3 106 121 36 1
9 83 98 11 103 118 22 1
8 87 102 7 102 117 15 1
9 87 102 5 110 125 27 1
3 89 104 7 115 130 32 1
5 91 106 11 119 134 34 1
8 93 108 9 105 120 10 1
5 97 112 2 124 139 33 1
1 99 114 9 122 137 27 1
2 105 120 9 130 145 30 1
11 114 129 1 129 144 15 1
6 115 130 9 142 157 33 1
9 116 131 2 141 156 30 1
7 117 132 2 139 154 26 1
1 128 143 11 143 158 15 1
5 132 147 12 160 175 34 1
2 142 157 9 167 182 30 1
4 152 167 5 173 188 24 1
3 152 167 2 169 184 18 1
7 155 170 12 175 190 22 1
7 160 175 1 186 201 32 1
2 164 179 10 188 203 28 1
4 164 179 9 183 198 21 1
7 165 180 8 179 194 14 1
6 165 180 7 190 205 30 1
6 168 183 5 190 205 26 1
11 175 190 10 190 205 15 1
4 190 205 1 209 224 21 1
