13
23
6 3
40
2 13 28 11 33 48 22 1
10 18 33 12 29 44 9 1
12 24 39 2 52 67 34 1
1 31 46 9 54 69 27 1
7 33 48 12 53 68 22 1
11 38 53 7 61 76 27 1
1 38 53 5 69 84 39 1
4 40 55 3 59 74 21 1
9 40 55 6 65 80 30 1
1 40 55 5 71 86 39 1
4 40 55 11 59 74 21 1
12 44 59 2 72 87 34 1
7 45 60 12 65 80 22 1
9 47 62 5 70 85 27 1
9 54 69 1 77 92 27 1
1 60 75 6 93 108 42 1
3 62 77 2 79 94 18 1
11 70 85 1 85 100 15 1
1 86 101 2 105 120 21 1
10 88 103 6 118 133 38 1
1 92 107 6 125 140 42 1
10 103 118 6 133 148 38 1
1 105 120 10 122 137 18 1
1 105 120 7 132 147 33 1
5 106 121 2 133 148 33 1
12 108 123 10 120 135 10 1
11 110 125 12 127 142 18 1
5 117 132 3 148 163 39 1
5 121 136 8 144 159 27 1
10 129 144 4 151 166 26 1
10 129 144 3 162 177 42 1
3 134 149 5 164 179 38 1
2 135 150 8 158 173 27 1
12 137 152 4 158 173 24 1
3 160 175 5 190 205 38 1
8 162 177 5 184 199 26 1
6 163 178 12 196 211 42 1
11 173 188 5 200 215 33 1
1 175 190 7 202 217 33 1
8 176 191 3 204 219 34 1
