11 2 10 9 14 0 14 12 7 5 4 14 9 10 11 4 14 5 8 11 12 13 10
18 11 16 14 13 9 11 7 12 12 11 13 14 14 18 11 15 12 16 18 7 15 17
14 7 13 12 19 5 18 14 12 10 9 18 14 14 14 8 19 9 12 14 14 17 13
19 16 18 17 23 14 26 23 17 16 15 24 20 20 17 16 25 17 17 19 23 23 18
8 7 7 6 14 5 16 15 8 7 7 15 9 9 9 7 14 8 5 8 14 12 7
15 18 16 17 18 16 21 23 20 19 18 18 20 20 13 19 20 20 15 15 22 18 15
20 23 21 21 22 21 25 28 24 23 23 23 25 25 18 23 25 25 20 20 27 23 20
11 14 11 12 14 12 18 18 15 14 14 15 15 16 8 14 17 16 10 10 17 15 10
12 16 11 11 10 13 11 12 16 16 15 9 13 13 10 16 13 18 11 11 12 11 11
11 16 10 9 6 14 8 11 10 13 14 6 8 8 9 15 7 12 11 11 9 5 10
17 16 14 13 5 15 6 5 10 13 13 5 10 11 16 15 10 13 16 16 4 7 15
13 10 8 7 7 10 7 6 5 7 8 6 6 6 11 9 10 6 10 12 5 9 10
18 20 15 13 6 18 7 8 13 16 17 5 11 11 15 18 10 15 16 17 8 7 16
