0 12 5 6 14 10 16 16 9 12 12 14 9 9 5 12 14 12 2 1 14 12 4
12 0 11 10 15 3 16 14 8 5 5 16 10 11 12 2 15 7 9 12 14 14 11
4 12 0 2 11 10 13 12 6 9 10 13 6 6 5 11 11 8 2 4 11 9 1
6 11 2 0 9 10 11 11 4 7 9 12 4 4 6 10 9 7 4 6 9 7 3
13 14 9 8 0 14 5 8 8 10 12 3 5 5 12 13 4 10 11 13 6 1 10
11 2 10 9 14 0 14 12 7 5 4 14 9 10 11 4 14 5 8 11 12 13 10
16 14 11 10 4 13 0 4 8 11 12 2 8 8 14 13 8 10 13 16 3 5 12
16 12 13 11 8 11 5 0 9 10 10 7 10 10 15 11 11 10 14 17 3 9 14
11 7 7 5 8 7 9 9 0 3 4 9 3 3 10 5 8 2 8 11 7 6 8
12 4 9 8 11 4 11 11 4 0 1 11 6 6 12 3 11 1 9 12 9 9 10
12 3 11 10 14 3 14 13 7 3 0 14 9 9 12 1 14 4 10 12 12 12 11
15 16 11 10 2 16 5 7 10 12 14 0 7 8 13 15 7 12 13 14 6 4 12
8 10 4 2 8 10 10 10 3 6 8 11 0 0 8 9 8 6 5 8 8 6 5
8 10 4 2 8 10 10 10 3 6 8 11 0 0 8 8 8 6 5 7 8 6 5
4 13 6 6 13 11 16 15 11 13 13 13 10 10 0 14 13 13 5 4 14 11 5
12 1 12 11 15 3 15 13 8 4 4 15 10 10 12 0 15 6 10 12 14 13 11
13 14 9 7 6 14 11 12 7 10 11 8 5 5 11 12 0 9 10 12 11 4 10
13 5 9 7 10 5 11 10 3 1 3 11 5 5 12 4 10 0 10 12 9 8 10
2 11 3 4 12 8 14 14 8 10 10 14 7 8 5 11 12 10 0 3 13 11 2
3 13 5 5 14 11 16 16 10 13 13 14 10 10 3 13 14 12 3 0 15 11 3
15 13 11 9 6 11 4 2 7 10 10 5 9 10 13 11 9 10 13 15 0 8 12
12 13 8 6 2 13 7 9 6 9 10 4 4 4 11 11 3 8 9 11 8 0 9
3 12 2 3 13 9 14 13 7 10 11 13 7 7 4 12 13 9 2 3 12 10 0
