0 23 6 8 17 24 21 24 14 17 19 19 12 11 4 21 14 16 2 2 23 15 5
23 0 17 15 19 2 22 25 9 6 4 20 12 13 27 2 15 8 21 25 24 17 19
6 17 0 2 11 18 15 18 8 11 13 13 5 4 10 15 8 10 4 8 17 9 1
8 15 2 0 9 16 13 16 6 10 11 11 4 3 12 13 6 8 6 10 15 8 3
16 18 10 9 0 19 4 7 9 12 14 2 7 6 20 16 4 11 14 18 5 2 12
25 2 19 17 21 0 24 27 11 8 6 22 14 15 29 4 17 10 23 27 26 19 21
20 22 14 12 4 23 0 3 13 16 18 2 10 10 24 20 7 15 18 22 2 6 16
24 25 18 16 7 27 4 0 16 20 22 6 14 14 28 23 11 18 22 26 2 9 19
14 9 8 6 9 10 13 16 0 3 5 11 3 4 18 7 6 2 12 16 15 7 9
17 5 11 10 13 7 16 20 4 0 2 14 6 7 21 4 9 2 15 19 18 11 13
19 4 13 12 15 5 18 22 6 2 0 16 8 9 23 2 11 4 17 21 20 13 15
18 20 12 10 2 21 2 5 11 14 16 0 8 8 22 18 5 13 16 20 4 3 14
11 11 5 3 6 13 10 13 2 6 8 8 0 1 15 9 3 4 9 13 12 5 6
10 12 4 2 7 14 10 13 3 7 9 8 1 0 14 10 3 5 8 12 12 5 5
5 27 11 13 22 29 26 29 19 22 24 24 16 15 0 26 19 21 7 3 27 20 9
21 2 15 13 17 3 20 23 7 4 2 18 10 11 25 0 13 6 19 23 22 15 17
13 14 7 5 3 16 7 10 6 9 11 5 3 3 17 12 0 7 11 15 9 2 8
16 7 10 8 11 8 15 18 2 2 3 13 5 6 20 5 8 0 14 18 16 9 11
2 21 4 6 15 22 19 22 12 15 17 17 10 9 6 19 12 14 0 4 21 14 3
2 25 8 10 19 26 23 26 16 19 21 21 14 13 2 23 16 18 4 0 25 17 7
22 24 16 14 6 25 2 1 15 18 20 4 12 12 26 22 9 17 20 24 0 7 18
15 16 9 7 2 18 5 9 7 11 13 3 5 5 19 14 2 9 13 17 7 0 10
5 18 2 3 13 20 16 19 9 13 15 14 7 6 9 16 9 11 3 6 18 11 0
